10
10
0 0
19 2
12 4
7 5
10 4
18 6
20 3
23 4
4 2
24 1
0 
2 3 8
5 2 5 6 7 9
3 1 5 6
4 0 2 4 8
5 1 2 3 5 8
5 1 2 6 7 9
5 1 2 5 7 9
4 1 5 6 9
4 0 2 3 4
0 

10
0 0
7 2
17 12
10 1
4 11
15 10
4 7
3 3
19 3
24 7
0 
3 1 6 7
5 0 3 4 6 7
3 5 8 9
4 1 6 7 8
3 1 6 7
3 2 8 9
5 0 1 3 4 7
5 0 1 3 4 6
3 2 5 9
0 

10
0 0
8 5
21 1
6 6
9 10
1 2
16 7
13 6
20 7
24 6
0 
3 1 3 5
6 0 3 4 5 6 7
4 6 7 8 9
5 0 1 4 5 7
4 1 3 6 7
3 0 1 3
4 2 7 8 9
3 2 6 8
4 2 6 7 9
0 

10
0 0
14 12
12 10
12 8
19 4
4 0
13 4
9 9
23 10
24 5
0 
1 5
5 2 3 4 6 8
4 1 3 4 6
4 1 2 4 6
6 1 2 3 6 8 9
2 0 6
4 1 2 3 4
4 1 2 3 6
3 1 4 9
0 

10
0 0
2 9
1 11
16 1
11 12
2 4
7 4
18 10
15 0
24 2
0 
3 1 5 6
5 0 2 4 5 6
3 1 5 6
3 7 8 9
3 1 6 7
4 0 1 2 6
7 0 1 2 3 4 5 8
2 3 9
2 3 9
0 

10
0 0
4 0
16 7
10 6
16 4
22 0
11 11
5 3
20 5
24 3
0 
2 1 7
3 0 3 7
4 4 5 8 9
5 1 2 4 6 7
4 2 5 8 9
4 2 4 8 9
4 2 3 4 7
4 0 1 3 6
4 2 4 5 9
0 

10
0 0
9 5
0 7
7 3
19 6
5 9
22 3
7 10
16 5
24 6
0 
2 2 3
5 2 3 5 7 8
5 0 1 3 5 7
6 0 1 2 5 7 8
3 6 8 9
4 1 2 3 7
3 4 8 9
4 1 2 3 5
3 4 6 9
0 

10
0 0
16 6
16 0
14 10
13 1
13 11
3 10
2 7
4 10
24 0
0 
1 7
5 2 3 4 5 9
3 1 4 9
3 1 4 5
4 1 2 3 5
3 1 3 4
2 7 8
3 0 6 8
4 3 5 6 7
0 

10
0 0
14 11
4 4
19 6
18 11
12 1
15 6
6 6
22 9
24 4
0 
2 2 7
4 3 4 6 8
3 0 5 7
6 1 4 5 6 8 9
5 1 3 6 8 9
2 3 6
6 1 3 4 5 8 9
5 0 1 2 5 6
5 1 3 4 6 9
0 

10
0 0
4 11
18 1
14 7
17 3
0 10
8 0
0 4
20 2
24 8
0 
3 5 6 7
2 5 7
4 3 4 8 9
3 2 4 8
4 2 3 8 9
3 0 1 7
4 0 3 4 7
4 0 1 5 6
4 2 3 4 9
0 


